# halo data from n-body simulation
#
# x         y          z           mass
42.584     44.506     45.621      5.053e+14
46.593     50.376     22.243      1.644e+13
 0.767     28.209     19.144      2.735e+12
20.833     70.433     67.554      2.111e+12
 4.379     21.797     74.507      7.180e+12
19.595     23.582     50.171      1.939e+13
 1.719     70.401     27.654      1.515e+12
63.351     53.788     38.193      1.072e+13
 2.228     16.323     77.722      8.756e+11
 2.985     32.295      3.776      7.598e+12
16.964     58.707     49.867      3.230e+12
42.691     39.903     25.243      1.285e+13
18.179     26.465     57.012      9.185e+12
44.846     45.516     17.237      4.207e+13
33.765     70.086     61.817      1.872e+13
26.151     55.274     24.700      1.261e+13
28.869     46.072     85.769      5.549e+11
 9.592     71.482     12.028      2.686e+12
10.017      5.966     42.110      5.254e+12
41.908     52.103     53.747      1.839e+13
25.165     35.051     49.656      2.021e+13
48.014     76.721     37.020      2.449e+12
 6.308     68.513     33.603      3.509e+12
43.721     55.706     53.543      1.666e+13
 6.469     42.206      8.246      3.303e+12
24.301     79.155     48.100      4.367e+12
 8.356     69.356     76.456      4.953e+12
57.554     76.530      6.425      8.357e+12
 8.998     63.929     61.197      3.156e+11
12.546     60.709     51.510      9.711e+12
 9.324     14.302     64.972      8.568e+12
16.792     48.884     29.029      4.195e+12
39.074     73.560     72.333      1.401e+12
13.974     60.277     55.942      7.103e+12
53.987     51.625     39.380      1.593e+13
13.448     28.969      7.343      2.706e+12
26.622     11.793     63.830      6.805e+12
18.030      2.687     32.171      4.404e+12
41.157     67.745     25.244      1.172e+12
34.544     15.659     31.046      5.945e+12
16.705     19.507     54.269      9.654e+11
25.619     55.603     72.352      1.357e+13
17.069     25.834      5.705      1.046e+12
20.505     65.707     16.165      1.604e+12
42.672     40.463     53.448      6.078e+12
23.372     37.909     58.223      9.125e+12
55.977     26.499     81.781      1.470e+12
62.399     38.316     47.463      2.544e+13
18.644     77.604     39.521      4.321e+12
43.620     45.110     20.684      4.692e+12
34.140     43.575     49.619      1.762e+13
18.961     28.666      8.287      6.889e+12
41.323     23.707     33.871      1.865e+13
35.335     26.441     16.715      1.908e+13
34.862     36.154     73.435      1.134e+13
75.202     63.702      2.556      5.525e+12
20.611     24.224     68.943      1.236e+12
24.441     71.308     72.230      1.185e+13
42.774     41.686     30.918      1.664e+13
27.026     63.092     67.254      1.156e+13
37.728     23.929     46.205      8.167e+12
34.495     43.938     80.402      6.061e+12
26.016     78.363     16.823      8.258e+12
26.362     77.232     17.745      1.327e+13
38.743     36.610     17.125      1.123e+12
44.695     32.077     43.045      4.336e+12
24.730     24.239     13.916      3.684e+12
36.217     48.699     59.870      1.666e+13
70.660     26.896     58.788      6.456e+12
25.676     82.210     81.806      2.732e+12
37.446     30.002     35.454      9.041e+12
35.911     75.026     62.538      7.667e+12
28.230     56.380      0.885      6.214e+11
30.738     78.427     72.187      3.624e+12
35.178     56.968     74.061      3.340e+12
52.041     79.347     53.943      1.204e+13
31.940     73.530     52.076      8.301e+12
28.579     82.281     40.419      3.122e+12
40.044     76.460     57.865      1.698e+12
32.159     77.265     51.327      7.581e+12
29.295     19.310     25.746      2.019e+12
30.757     80.493     58.704      5.510e+12
40.179     55.560     33.425      1.017e+13
42.102     36.709     25.056      8.859e+12
36.396     77.297     67.638      4.399e+12
32.150     56.809     81.354      8.744e+11
32.932     70.738     44.500      4.648e+12
33.717     80.461     78.984      9.598e+12
33.903     82.155      1.767      2.551e+12
42.082     63.667     17.280      8.836e+11
34.807     62.429     57.287      5.571e+12
34.703     55.473     87.120      1.414e+12
35.547     84.707     26.994      4.226e+12
35.125     55.274     86.958      4.129e+12
35.048     58.777     86.241      1.071e+12
35.568     51.105     82.531      1.458e+12
53.900     48.783     46.942      1.738e+13
35.867     54.902     70.652      4.147e+12
38.941     54.744     43.770      5.664e+12
66.670     25.962     64.075      7.624e+12
37.075     62.804     79.947      1.488e+12
40.991     24.371     78.180      1.285e+13
37.253     70.062     18.668      2.701e+12
59.037     49.923     75.689      1.023e+13
40.169     16.522     25.709      4.005e+12
43.042     58.059     57.055      1.690e+12
39.538      0.656     11.068      8.312e+12
39.552     28.061     26.298      7.507e+11
58.028     30.394     63.522      3.206e+12
44.860     71.969     48.483      3.371e+12
68.852     48.861     28.274      5.723e+12
45.625     29.277     83.682      7.598e+12
10.431     72.684     34.213      8.901e+12
50.224      2.622     37.015      2.350e+12
47.826     76.040     20.273      2.776e+12
47.143     51.947     26.460      4.736e+11
47.877     49.342     44.087      6.529e+12
48.258     86.667     17.498      2.314e+12
49.083     55.516     18.311      5.121e+11
48.935     74.795     18.019      3.230e+12
55.404     18.466     59.410      7.491e+12
61.646     24.281     33.375      3.922e+12
11.941     51.332     22.077      7.598e+12
50.313     87.986     51.573      9.196e+11
51.286      7.507     21.177      3.127e+11
51.672     33.399     74.693      4.127e+11
55.183     52.797     11.164      9.112e+12
55.057     52.340     81.220      5.318e+12
58.000     34.826     27.405      1.057e+13
57.777     19.350     37.862      1.030e+13
62.192     22.140     76.612      3.566e+12
58.092     57.667     82.279      2.236e+11
60.275     44.043     35.504      3.834e+12
60.375     66.833      1.117      1.182e+12
61.889      4.551     10.580      3.462e+12
62.354      4.801     10.617      4.067e+11
63.420      1.069     16.397      1.261e+12
64.549     66.872     11.831      2.939e+12
65.896     70.232      0.778      3.023e+12
66.575     89.723     63.321      3.102e+12
69.418     87.441      4.996      8.290e+12
69.869     86.598     88.700      3.304e+12
72.678     77.400      9.355      2.878e+12
73.887     69.528     17.161      1.112e+13
79.513     41.611     59.114      3.121e+12
77.966     75.502     55.398      5.232e+12
45.404     25.180     72.749      1.357e+13
81.678     84.217     68.545      1.028e+12
84.206     62.265     26.243      6.771e+11
85.365     87.463     58.246      3.716e+11
86.430      2.603      7.778      3.151e+12
89.603     68.929     57.235      2.780e+11
89.790     69.340     25.309      1.422e+12
89.539     30.478     38.980      1.500e+12
